#      T [K]      F [kJ/mol]    S [J/K/mol]  C_v [J/K/mol]     E [kJ/mol]
       0.000    1302.6734278      0.0000000      0.0000000   1302.6734278
      10.000    1302.6733656      0.0298715      0.1040629   1302.6736643
      20.000    1302.6720728      0.2862980      0.9026267   1302.6777988
      30.000    1302.6659958      1.0423587      3.4093219   1302.6972666
      40.000    1302.6480258      2.7701923      9.8075780   1302.7588335
      50.000    1302.6048148      6.2325949     23.0637337   1302.9164445
      60.000    1302.5148727     12.2361292     44.9334460   1303.2490404
      70.000    1302.3497101     21.3432204     75.3543534   1303.8437355
      80.000    1302.0768136     33.8004525    113.1839412   1304.7808498
      90.000    1301.6625145     49.6088211    156.9870157   1306.1273084
     100.000    1301.0739486     68.6215138    205.4519724   1307.9360999
     110.000    1300.2801291     90.6200176    257.5201314   1310.2483310
     120.000    1299.2524056    115.3613940    312.3755816   1313.0957728
     130.000    1297.9645669    142.6034963    369.3888551   1316.5030214
     140.000    1296.3927682    172.1163757    428.0580449   1320.4890608
     150.000    1294.5153852    203.6860701    487.9628913   1325.0682957
     160.000    1292.3128520    237.1146978    548.7343283   1330.2512036
     170.000    1289.7675068    272.2190784    610.0369502   1336.0447501
     180.000    1286.8634532    308.8290212    671.5606049   1342.4526770
     190.000    1283.5864381    346.7857868    733.0176240   1349.4757376
     200.000    1279.9237440    385.9408869    794.1430303   1357.1119214
     210.000    1275.8640906    426.1552209    854.6959143   1365.3566870
     220.000    1271.3975441    467.2984831    914.4608902   1374.2032104
     230.000    1266.5154318    509.2487565    973.2490594   1383.6426458
     240.000    1261.2102592    551.8922202   1030.8982560   1393.6643921
     250.000    1255.4756308    595.1229107   1087.2725612   1404.2563584
     260.000    1249.3061721    638.8424983   1142.2611844   1415.4052217
     270.000    1242.6974550    682.9600550   1195.7768560   1427.0966699
     280.000    1235.6459245    727.3917977   1247.7538873   1439.3156279
     290.000    1228.1488289    772.0608064   1298.1460378   1452.0464628
     300.000    1220.2041528    816.8967154   1346.9243094   1465.2731674
     310.000    1211.8105527    861.8353829   1394.0747590   1478.9795215
     320.000    1202.9672974    906.8185455   1439.5963967   1493.1492320
     330.000    1193.6742099    951.7934619   1483.4992165   1507.7660523
     340.000    1183.9316148    996.7125545   1525.8023865   1522.8138833
     350.000    1173.7402880   1041.5330522   1566.5326144   1538.2768562
     360.000    1163.1014105   1086.2166407   1605.7226898   1554.1394012
     370.000    1152.0165259   1130.7291221   1643.4102018   1570.3863011
     380.000    1140.4875002   1175.0400888   1679.6364228   1587.0027340
     390.000    1128.5164860   1219.1226129   1714.4453456   1603.9743050
     400.000    1116.1058889   1262.9529513   1747.8828626   1621.2870694
     410.000    1103.2583373   1306.5102695   1779.9960704   1638.9275478
     420.000    1089.9766544   1349.7763834   1810.8326883   1656.8827355
     430.000    1076.2638331   1392.7355179   1840.4405754   1675.1401058
     440.000    1062.1230129   1435.3740843   1868.8673345   1693.6876100
     450.000    1047.5574589   1477.6804742   1896.1599909   1712.5136723
     460.000    1032.5705435   1519.6448695   1922.3647355   1731.6071835
     470.000    1017.1657290   1561.2590687   1947.5267234   1750.9574913
     480.000    1001.3465521   1602.5163265   1971.6899188   1770.5543888
     490.000     985.1166105   1643.4112085   1994.8969791   1790.3881027
     500.000     968.4795502   1683.9394577   2017.1891729   1810.4492790
     510.000     951.4390543   1724.0978730   2038.6063243   1830.7289695
     520.000     933.9988331   1763.8841992   2059.1867807   1851.2186167
     530.000     916.1626154   1803.2970260   2078.9673993   1871.9100392
     540.000     897.9341399   1842.3356977   2097.9835479   1892.7954166
     550.000     879.3171486   1881.0002299   2116.2691191   1913.8672750
     560.000     860.3153804   1919.2912350   2133.8565532   1935.1184720
     570.000     840.9325652   1957.2098549   2150.7768693   1956.5421825
     580.000     821.1724193   1994.7576989   2167.0597017   1978.1318846
     590.000     801.0386405   2031.9367891   2182.7333415   1999.8813460
     600.000     780.5349048   2068.7495103   2197.8247803   2021.7846109
     610.000     759.6648625   2105.1985646   2212.3597571   2043.8359869
     620.000     738.4321358   2141.2869311   2226.3628054   2066.0300331
     630.000     716.8403155   2177.0178293   2239.8573015   2088.3615480
     640.000     694.8929594   2212.3946858   2252.8655134   2110.8255583
     650.000     672.5935899   2247.4211049   2265.4086481   2133.4173081
     660.000     649.9456929   2282.1008417   2277.5068994   2156.1322484
     670.000     626.9527158   2316.4377785   2289.1794936   2178.9660273
     680.000     603.6180667   2350.4359027   2300.4447349   2201.9144805
     690.000     579.9451135   2384.0992882   2311.3200494   2224.9736224
     700.000     555.9371829   2417.4320775   2321.8220266   2248.1396372
     710.000     531.5975600   2450.4384665   2331.9664609   2271.4088712
     720.000     506.9294875   2483.1226907   2341.7683900   2294.7778248
     730.000     481.9361658   2515.4890127   2351.2421330   2318.2431451
     740.000     456.6207526   2547.5417113   2360.4013260   2341.8016190
     750.000     430.9863627   2579.2850717   2369.2589566   2365.4501665
     760.000     405.0360681   2610.7233765   2377.8273964   2389.1858342
     770.000     378.7728978   2641.8608987   2386.1184321   2413.0057898
     780.000     352.1998385   2672.7018938   2394.1432956   2436.9073157
     790.000     325.3198342   2703.2505949   2401.9126918   2460.8878042
     800.000     298.1357869   2733.5112064   2409.4368257   2484.9447520
     810.000     270.6505565   2763.4879002   2416.7254276   2509.0757556
     820.000     242.8669615   2793.1848109   2423.7877775   2533.2785065
     830.000     214.7877792   2822.6060329   2430.6327276   2557.5507866
     840.000     186.4157463   2851.7556170   2437.2687246   2581.8904645
     850.000     157.7535590   2880.6375676   2443.7038298   2606.2954915
     860.000     128.8038739   2909.2558411   2449.9457388   2630.7638972
     870.000      99.5693081   2937.6143433   2456.0018000   2655.2937868
     880.000      70.0524400   2965.7169285   2461.8790318   2679.8833371
     890.000      40.2558099   2993.5673976   2467.5841396   2704.5307937
     900.000      10.1819200   3021.1694973   2473.1235312   2729.2344676
     910.000     -20.1667645   3048.5269196   2478.5033316   2753.9927324
     920.000     -50.7878149   3075.6433008   2483.7293971   2778.8040218
     930.000     -81.6788390   3102.5222210   2488.8073288   2803.6668266
     940.000    -112.8374796   3129.1672043   2493.7424849   2828.5796925
     950.000    -144.2614148   3155.5817182   2498.5399928   2853.5412175
     960.000    -175.9483571   3181.7691739   2503.2047602   2878.5500499
     970.000    -207.8960526   3207.7329263   2507.7414861   2903.6048859
     980.000    -240.1022809   3233.4762742   2512.1546706   2928.7044678
     990.000    -272.5648542   3259.0024608   2516.4486245   2953.8475819
    1000.000    -305.2816169   3284.3146736   2520.6274788   2979.0330567
